000 196 173 255 255
001 255 255 255 100
002 179 116 122 255
003 198 73 231 255
004 86 81 125 255
005 126 179 231 255
006 231 180 162 255
007 105 148 231 255
008 231 160 111 255
009 231 161 90 255
010 147 231 139 255
011 255 199 179 100
012 231 88 85 100
013 231 66 78 255
014 198 73 231 255
016 117 231 150 100
017 103 79 100 100
018 198 73 231 255
019 103 79 231 100
020 231 30 217 255
021 117 231 150 100
022 231 66 78 255
023 231 30 217 255
024 231 88 85 100
025 231 161 90 255
026 85 231 139 255
027 255 199 179 100
028 126 179 231 255
029 198 73 231 255
030 105 148 231 255
031 231 180 162 255
032 85 231 139 255
033 231 160 111 255
034 144 103 84 255
035 179 116 122 255
036 196 173 255 255
037 86 81 125 255
038 147 231 139 255